---
build/favicon/favicon-16x16.png: 2018-06-16 14:48:04.991103338 -07:00
build/favicon/android-chrome-192x192.png: 2018-06-16 14:48:07.231363406 -07:00
build/favicon/apple-touch-icon.png: 2018-06-16 14:48:06.831801005 -07:00
build/favicon/android-chrome-512x512.png: 2018-06-16 14:48:16.284114591 -07:00
build/favicon/mstile-150x150.png: 2018-06-16 14:48:04.954498019 -07:00
build/favicon/favicon-32x32.png: 2018-06-16 14:48:05.351494318 -07:00
build/assets/img/blog/apps-logo-ecfiopro.jpg: 2018-06-16 14:48:05.550923726 -07:00
build/assets/img/blog/apps-logo-slack.jpg: 2018-06-16 14:48:05.523283695 -07:00
build/assets/img/blog/apps-logo-fantastical.jpg: 2018-06-16 14:48:05.550726175 -07:00
build/assets/img/blog/apps-logo-harvest.jpg: 2018-06-16 14:48:05.855383491 -07:00
build/assets/img/blog/apps-logo-googledrive.jpg: 2018-06-16 14:48:07.514882329 -07:00
build/assets/img/blog/apps-logo-wunderlist.jpg: 2018-06-16 14:48:07.622905967 -07:00
build/assets/img/blog/apps-logo-spark.jpg: 2018-06-16 14:48:16.719328105 -07:00
build/assets/img/blog/apps-logo-enpass.jpg: 2018-06-16 14:48:16.819626044 -07:00
build/assets/img/blog/apps-logo-dropbox.jpg: 2018-06-16 14:48:16.704817010 -07:00
build/assets/img/blog/apps-logo-googlecontacts.jpg: 2018-06-16 14:48:16.666020843
  -07:00
build/assets/img/blog/bojack-screen.jpg: 2018-06-16 14:48:16.689330809 -07:00
build/assets/img/blog/apps-logo-asana.jpg: 2018-06-16 14:48:16.716894842 -07:00
